1.521072387695312500e-01 -8.115768432617187500e-03 1.301078796386718750e-01 1.246795654296875000e-01 -1.747236251831054688e-01 2.936315536499023438e-02 1.023406982421875000e-01 -4.416275024414062500e-02 1.467056274414062500e-01 8.840179443359375000e-02 -7.257080078125000000e-02 2.000274658203125000e-01 7.389068603515625000e-02 -8.639144897460937500e-02 2.353057861328125000e-01 2.830505371093750000e-03 -4.139709472656250000e-02 1.355285644531250000e-01 -9.204864501953125000e-03 -2.086639404296875000e-02 1.252593994140625000e-01 -5.140304565429687500e-02 3.326988220214843750e-02 1.269779205322265625e-01 -1.947669982910156250e-01 4.882640838623046875e-01 1.971664428710937500e-01 -4.770994186401367188e-02 9.326934814453125000e-03 1.471748352050781250e-01 -7.412910461425781250e-03 -5.647277832031250000e-02 1.424102783203125000e-01 -6.560707092285156250e-02 5.387711524963378906e-02 1.245841979980468750e-01 -9.633445739746093750e-02 1.260461807250976562e-01 6.972122192382812500e-02 -4.950714111328125000e-02 1.623186469078063965e-02 1.241703033447265625e-01 1.049804687500000000e-02 1.571211814880371094e-01 8.007621765136718750e-02 9.082031250000000000e-02 3.238487243652343750e-02 -6.666183471679687500e-03 1.180877685546875000e-01 1.501083374023437500e-03 -5.351209640502929688e-01 1.508712768554687500e-01 -2.936363220214843750e-01 -4.359855651855468750e-01 3.403320312500000000e-01 -3.832702636718750000e-01 -4.371185302734375000e-01 2.479209899902343750e-01 -5.542907714843750000e-01 -4.582939147949218750e-01 2.752356529235839844e-01 -3.112297058105468750e-01 -3.791389465332031250e-01 1.295089721679687500e-01 -3.616104125976562500e-01 -2.050056457519531250e-01 -3.059387207031250000e-02 -5.196228027343750000e-01 -8.338737487792968750e-02 -2.800750732421875000e-02 -1.249198913574218750e-01 5.641937255859375000e-03 -1.536865234375000000e-01 -9.478759765625000000e-02 8.738327026367187500e-02 -5.423736572265625000e-02 1.355171203613281250e-01 1.009149551391601562e-01 -3.916931152343750000e-02 6.136703491210937500e-02 8.186340332031250000e-02 -1.405410766601562500e-01 6.797790527343750000e-03 2.363395690917968750e-02 -1.516723632812500000e-02 2.963018417358398438e-02 3.063201904296875000e-03 2.010345458984375000e-02 9.379386901855468750e-04 3.320693969726562500e-02 7.667541503906250000e-04 3.007030487060546875e-02 5.265808105468750000e-02 -1.926040649414062500e-02 8.127784729003906250e-02 3.467655181884765625e-02 1.539516448974609375e-02 -4.346847534179687500e-03 7.966995239257812500e-02 2.545356750488281250e-02 1.267623901367187500e-02 6.301307678222656250e-02 -8.669853210449218750e-02 8.438110351562500000e-02 -5.462932586669921875e-02 1.713562011718750000e-02 3.228378295898437500e-02 4.431915283203125000e-02 3.500366210937500000e-02 4.885101318359375000e-02 6.956100463867187500e-02 -5.808639526367187500e-02 9.559631347656250000e-02 3.580474853515625000e-02 -2.449798583984375000e-02 7.530975341796875000e-02 9.309196472167968750e-02 -1.066260337829589844e-01 1.912155151367187500e-01 -3.481292724609375000e-02 -8.499526977539062500e-02 7.412338256835937500e-02 -1.683502197265625000e-01 -1.823787689208984375e-01 3.133468627929687500e-01 -8.575439453125000000e-02 -2.244033813476562500e-01 4.187698364257812500e-01 -1.136932373046875000e-01 -1.363449096679687500e-01 1.768875122070312500e-01 -1.059265136718750000e-01
-8.115768432617187500e-03 1.872148513793945312e-01 -1.121430397033691406e-01 -1.772117614746093750e-02 -3.037339448928833008e-02 -1.329934597015380859e-01 -1.611042022705078125e-02 1.405687332153320312e-01 -9.276390075683593750e-02 2.429008483886718750e-02 1.745276451110839844e-01 -1.390590667724609375e-01 3.103971481323242188e-02 1.431522369384765625e-01 -1.413021087646484375e-01 5.972003936767578125e-02 -1.809501647949218750e-02 -1.048259735107421875e-01 4.337167739868164062e-02 -1.578712463378906250e-02 -8.906745910644531250e-02 6.404829025268554688e-02 -5.359601974487304688e-02 -8.664822578430175781e-02 1.274137496948242188e-01 -3.922700881958007812e-01 -1.705822944641113281e-01 5.978786945343017578e-02 -1.281976699829101562e-02 -1.039233207702636719e-01 4.482078552246093750e-02 4.539251327514648438e-02 -1.137409210205078125e-01 8.513736724853515625e-02 -3.925827145576477051e-02 -9.235346317291259766e-02 5.875945091247558594e-02 -1.483056545257568359e-01 -6.611537933349609375e-02 7.965564727783203125e-02 -5.432553589344024658e-03 -1.183044314384460449e-01 3.031826019287109375e-02 -1.092575490474700928e-01 -1.308463811874389648e-01 3.965950012207031250e-02 6.737232208251953125e-03 -6.578969955444335938e-02 -8.228397369384765625e-02 -6.943511962890625000e-02 2.343249320983886719e-01 -2.106485366821289062e-01 1.699419021606445312e-01 2.763442993164062500e-01 -3.570432662963867188e-01 2.288141250610351562e-01 2.947945594787597656e-01 -2.527050971984863281e-01 4.314861297607421875e-01 3.957853317260742188e-01 -3.229114413261413574e-01 3.620471954345703125e-01 2.998609542846679688e-01 -2.700753211975097656e-01 3.196640014648437500e-01 2.438173294067382812e-01 -2.928829193115234375e-01 3.533439636230468750e-01 1.442587375640869141e-01 -1.159629821777343750e-01 6.910228729248046875e-02 9.170818328857421875e-02 2.925395965576171875e-02 5.104160308837890625e-02 -1.232933998107910156e-02 -2.574920654296875000e-04 -1.410140991210937500e-01 -7.663780450820922852e-02 4.510307312011718750e-02 -9.393262863159179688e-02 -5.533981323242187500e-02 1.387491226196289062e-01 -3.391456604003906250e-02 -2.266883850097656250e-03 9.168624877929687500e-03 -8.131539821624755859e-02 -1.153945922851562500e-02 -2.933502197265625000e-03 -4.225403070449829102e-02 -1.627159118652343750e-02 1.211309432983398438e-02 -5.238866806030273438e-02 -3.126811981201171875e-02 1.886653900146484375e-02 -1.041657924652099609e-01 -1.623630523681640625e-02 2.678036689758300781e-04 4.529714584350585938e-03 -4.621315002441406250e-02 -5.404233932495117188e-03 5.465507507324218750e-03 -4.057502746582031250e-02 9.395980834960937500e-02 -6.857681274414062500e-02 6.689894199371337891e-02 -1.049995422363281250e-02 1.468276977539062500e-02 -4.149317741394042969e-02 -1.353454589843750000e-02 7.345676422119140625e-03 -6.310939788818359375e-02 7.002639770507812500e-02 -3.508567810058593750e-02 -2.472257614135742188e-02 7.577323913574218750e-02 -2.560424804687500000e-02 -5.461215972900390625e-02 1.097613573074340820e-01 -1.272964477539062500e-01 5.199813842773437500e-02 1.259865760803222656e-01 -4.451274871826171875e-02 1.580352783203125000e-01 1.303870677947998047e-01 -2.044601440429687500e-01 8.585739135742187500e-02 1.561632156372070312e-01 -2.791175842285156250e-01 8.872222900390625000e-02 1.063003540039062500e-01 -2.045249938964843750e-01 1.003403663635253906e-01
1.301078796386718750e-01 -1.121430397033691406e-01 1.314146995544433594e+00 2.041130065917968750e-01 1.925700902938842773e-01 1.008464217185974121e+00 2.158660888671875000e-01 -5.001101493835449219e-01 1.240093231201171875e+00 1.514835357666015625e-01 -7.031588554382324219e-01 1.826030731201171875e+00 1.862211227416992188e-01 -7.931909561157226562e-01 1.768493652343750000e+00 -1.195354461669921875e-01 -2.239398956298828125e-01 1.078657150268554688e+00 -1.473073959350585938e-01 -1.083917617797851562e-01 9.292774200439453125e-01 -4.013767242431640625e-01 3.061342239379882812e-01 8.972306251525878906e-01 -1.070878982543945312e+00 3.407708644866943359e+00 1.560085773468017578e+00 -3.963484168052673340e-01 1.251087188720703125e-01 1.040344715118408203e+00 -1.828949451446533203e-01 -5.885610580444335938e-01 1.396257400512695312e+00 -6.282336711883544922e-01 4.045048952102661133e-01 8.888125419616699219e-01 -4.748830795288085938e-01 1.162339210510253906e+00 3.376784324645996094e-01 -5.204505920410156250e-01 -2.527922987937927246e-01 1.181690692901611328e+00 -6.389617919921875000e-02 9.314851760864257812e-01 1.084794044494628906e+00 -8.405113220214843750e-02 -6.920151710510253906e-01 3.247747421264648438e-01 7.585525512695312500e-01 -6.137428283691406250e-01 -3.245994567871093750e+00 1.436416625976562500e+00 -2.532912254333496094e+00 -3.450767993927001953e+00 2.876611709594726562e+00 -3.348772048950195312e+00 -3.587331771850585938e+00 2.205509185791015625e+00 -4.613830566406250000e+00 -3.887138366699218750e+00 2.511135578155517578e+00 -3.078081130981445312e+00 -3.009166717529296875e+00 1.384266853332519531e+00 -2.539360046386718750e+00 -1.956384658813476562e+00 -8.016586303710937500e-03 -2.361631393432617188e+00 -1.450201749801635742e+00 6.874332427978515625e-01 -8.091354370117187500e-01 -3.078641891479492188e-01 -4.437484741210937500e-01 -6.726322174072265625e-01 5.377039909362792969e-01 4.051589965820312500e-02 1.026206970214843750e+00 8.411723971366882324e-01 -2.483348846435546875e-01 4.546346664428710938e-01 6.435251235961914062e-01 -1.016565322875976562e+00 2.020835876464843750e-02 1.466627120971679688e-01 2.925872802734375000e-03 1.956049203872680664e-01 1.224231719970703125e-01 8.612632751464843750e-02 6.767630577087402344e-03 2.308158874511718750e-01 -6.896591186523437500e-02 2.548863887786865234e-01 3.525562286376953125e-01 -1.733665466308593750e-01 6.593823432922363281e-01 1.991133689880371094e-01 1.142644882202148438e-02 -3.174734115600585938e-02 5.344820022583007812e-01 1.038599014282226562e-02 1.166362762451171875e-01 4.198474884033203125e-01 -7.441494464874267578e-01 7.050561904907226562e-01 -5.083484649658203125e-01 -5.884552001953125000e-02 2.461605072021484375e-01 3.195810317993164062e-01 -2.733230590820312500e-02 2.331733703613281250e-01 6.280288696289062500e-01 -5.259313583374023438e-01 9.579162597656250000e-01 1.522455215454101562e-01 -8.626556396484375000e-02 7.329273223876953125e-01 7.668366432189941406e-01 -7.870050668716430664e-01 1.718175888061523438e+00 -4.564762115478515625e-01 -5.197591781616210938e-01 8.728847503662109375e-01 -1.177930831909179688e+00 -1.216403961181640625e+00 2.568046569824218750e+00 -9.372024536132812500e-01 -1.316053390502929688e+00 3.027555465698242188e+00 -1.059490203857421875e+00 -6.809597015380859375e-01 1.362228393554687500e+00 -9.683303833007812500e-01
1.246795654296875000e-01 -1.772117614746093750e-02 2.041130065917968750e-01 9.362335205078125000e-01 -2.696523666381835938e-01 -7.261371612548828125e-02 9.725952148437500000e-02 -6.786632537841796875e-02 2.109375000000000000e-01 9.020233154296875000e-02 -9.733772277832031250e-02 2.814254760742187500e-01 8.487701416015625000e-02 -1.269874572753906250e-01 3.358230590820312500e-01 -9.040832519531250000e-03 -4.449462890625000000e-02 1.729431152343750000e-01 -3.385925292968750000e-02 -2.417373657226562500e-02 1.725616455078125000e-01 -1.073646545410156250e-01 4.528808593750000000e-02 1.706523895263671875e-01 -3.139038085937500000e-01 6.729106903076171875e-01 2.877464294433593750e-01 -1.065380573272705078e-01 -7.680892944335937500e-03 2.129077911376953125e-01 -3.745746612548828125e-02 -8.449935913085937500e-02 1.841506958007812500e-01 -1.193447113037109375e-01 5.032849311828613281e-02 1.758165359497070312e-01 -1.503810882568359375e-01 1.533412933349609375e-01 1.019115447998046875e-01 -9.754562377929687500e-02 1.429325342178344727e-02 1.748728752136230469e-01 -2.092742919921875000e-02 1.853513717651367188e-01 9.928035736083984375e-02 1.342697143554687500e-01 1.002368927001953125e-01 1.269721984863281250e-02 1.311950683593750000e-01 9.603118896484375000e-02 -7.100887298583984375e-01 2.140731811523437500e-01 -3.720321655273437500e-01 -5.010528564453125000e-01 4.906196594238281250e-01 -5.040893554687500000e-01 -5.533790588378906250e-01 3.702716827392578125e-01 -7.600402832031250000e-01 -5.627670288085937500e-01 4.145774841308593750e-01 -2.679367065429687500e-01 -5.683822631835937500e-01 2.074623107910156250e-01 -4.161376953125000000e-01 -3.451538085937500000e-01 6.210327148437500000e-03 -7.917709350585937500e-01 -1.912498474121093750e-01 -8.023071289062500000e-02 -1.218948364257812500e-01 5.359649658203125000e-03 -2.284774780273437500e-01 -1.304321289062500000e-01 3.989601135253906250e-02 -1.405639648437500000e-01 1.775856018066406250e-01 1.010937690734863281e-01 -7.701873779296875000e-02 8.586120605468750000e-02 8.882141113281250000e-02 -2.198410034179687500e-01 1.360321044921875000e-02 5.954742431640625000e-03 -2.749633789062500000e-02 5.086803436279296875e-02 -9.445190429687500000e-03 1.158905029296875000e-02 9.113788604736328125e-03 4.154968261718750000e-02 -1.918411254882812500e-02 3.543567657470703125e-02 7.500457763671875000e-02 -4.846954345703125000e-02 1.017150878906250000e-01 4.785728454589843750e-02 3.643035888671875000e-04 -1.862907409667968750e-02 1.202507019042968750e-01 1.611137390136718750e-02 -7.610321044921875000e-03 9.950828552246093750e-02 -1.722736358642578125e-01 7.756805419921875000e-02 -8.878231048583984375e-02 4.730224609375000000e-04 2.110290527343750000e-02 7.618141174316406250e-02 1.823425292968750000e-02 4.296875000000000000e-02 1.265602111816406250e-01 -9.545135498046875000e-02 1.205444335937500000e-01 6.468582153320312500e-02 -1.713562011718750000e-02 8.704376220703125000e-02 1.813850402832031250e-01 -1.631498336791992188e-01 2.557449340820312500e-01 -4.610443115234375000e-02 -1.004428863525390625e-01 6.053924560546875000e-02 -2.711791992187500000e-01 -2.502021789550781250e-01 4.160766601562500000e-01 -1.215362548828125000e-01 -2.904815673828125000e-01 5.680999755859375000e-01 -1.691436767578125000e-01 -1.757354736328125000e-01 2.749557495117187500e-01 -1.197643280029296875e-01
-1.747236251831054688e-01 -3.037339448928833008e-02 1.925700902938842773e-01 -2.696523666381835938e-01 5.267232894897460938e+00 1.408891916275024414e+00 -1.101858615875244141e-01 -3.853008151054382324e-01 2.940933704376220703e-01 -1.915156841278076172e-01 -4.527110457420349121e-01 5.115936994552612305e-01 -2.109565138816833496e-01 -4.107846915721893311e-01 2.931302785873413086e-01 -2.072855234146118164e-01 -5.930709838867187500e-02 3.161507844924926758e-01 -1.329160928726196289e-01 -4.336637258529663086e-02 1.944266557693481445e-01 -7.559156417846679688e-02 6.414115428924560547e-02 1.600334048271179199e-01 -1.429747939109802246e-01 4.616522192955017090e-01 1.761666536331176758e-01 -7.924160361289978027e-02 7.706254720687866211e-02 1.787964701652526855e-01 -1.597562730312347412e-01 -3.081520795822143555e-01 5.268974304199218750e-01 -2.121230512857437134e-01 1.270089298486709595e-01 1.490792930126190186e-01 -4.090884327888488770e-02 3.613554835319519043e-01 -2.101537585258483887e-01 -1.943529844284057617e-01 -3.170498311519622803e-01 6.132329702377319336e-01 -1.630498170852661133e-01 6.493797153234481812e-02 9.546697139739990234e-01 -9.876548051834106445e-01 -1.036900520324707031e+00 7.854387760162353516e-01 2.758835554122924805e-01 -4.075683951377868652e-01 1.105810880661010742e+00 7.080637216567993164e-01 -4.143143892288208008e-01 -6.898413300514221191e-01 1.099870800971984863e-01 -7.608363032341003418e-01 -1.056746721267700195e+00 -6.213030219078063965e-02 -1.490277528762817383e+00 -2.544882774353027344e+00 2.171622514724731445e-01 -2.767765522003173828e+00 -1.025511264801025391e+00 -6.294667720794677734e-03 -1.546319246292114258e+00 -5.296226739883422852e-01 -1.923447847366333008e-01 -1.576998233795166016e-01 -1.362111568450927734e-01 3.716332912445068359e-01 -6.660652160644531250e-02 -3.584861755371093750e-01 -3.014695644378662109e-02 1.256036758422851562e-01 4.145820438861846924e-01 1.887307167053222656e-01 3.496801853179931641e-01 2.651076316833496094e-01 -1.055952310562133789e-01 1.780373454093933105e-01 1.956763267517089844e-01 -3.260581493377685547e-01 8.880484104156494141e-02 1.325235962867736816e-01 -4.887819290161132812e-02 9.173955023288726807e-02 6.279909610748291016e-02 -2.437555789947509766e-02 -1.818930357694625854e-02 2.488994598388671875e-02 -1.884835958480834961e-02 4.624867439270019531e-02 -1.950323581695556641e-03 8.866190910339355469e-03 1.702039241790771484e-01 -2.549466490745544434e-02 -1.070230826735496521e-02 -7.438048720359802246e-02 -7.549226284027099609e-03 -1.039221882820129395e-02 1.873660087585449219e-02 -9.826886653900146484e-02 -6.105212867259979248e-02 3.363458514213562012e-01 -2.314554750919342041e-01 5.309689044952392578e-02 -6.652271747589111328e-02 -1.440430879592895508e-01 -3.232192993164062500e-02 -1.638807654380798340e-01 1.266582012176513672e-01 9.172791242599487305e-02 3.369827270507812500e-01 -3.240045905113220215e-01 1.609529852867126465e-01 2.515944838523864746e-01 -2.135565280914306641e-01 2.250373959541320801e-01 5.504833459854125977e-01 -4.368919134140014648e-01 4.051980376243591309e-01 2.789785265922546387e-01 -2.908153533935546875e-01 6.243760585784912109e-01 5.638724565505981445e-01 -4.387323856353759766e-01 7.512507438659667969e-01 1.202774047851562500e-01 -1.821088790893554688e-01 2.124512195587158203e-01 6.113713979721069336e-01 -2.435495257377624512e-01
2.936315536499023438e-02 -1.329934597015380859e-01 1.008464217185974121e+00 -7.261371612548828125e-02 1.408891916275024414e+00 1.732017755508422852e+00 1.068940162658691406e-01 -4.896368384361267090e-01 9.740791320800781250e-01 2.528429031372070312e-02 -6.660230159759521484e-01 1.475972175598144531e+00 4.983568191528320312e-02 -7.165033817291259766e-01 1.372620105743408203e+00 -1.808071136474609375e-01 -1.678028106689453125e-01 8.862662315368652344e-01 -1.703014373779296875e-01 -7.968926429748535156e-02 7.317528724670410156e-01 -3.384795188903808594e-01 2.565170526504516602e-01 6.985737085342407227e-01 -8.019375801086425781e-01 2.611545085906982422e+00 1.273751735687255859e+00 -3.331686854362487793e-01 1.114215850830078125e-01 7.983984351158142090e-01 -1.930922269821166992e-01 -5.063881874084472656e-01 1.155092000961303711e+00 -5.446096658706665039e-01 3.206577301025390625e-01 6.855072975158691406e-01 -3.317829370498657227e-01 9.887933135032653809e-01 2.117041349411010742e-01 -4.579505920410156250e-01 -2.805564999580383301e-01 9.844379425048828125e-01 -1.698155403137207031e-01 7.452867031097412109e-01 9.772248268127441406e-01 -3.792781829833984375e-01 -8.184357881546020508e-01 3.865906000137329102e-01 5.877423286437988281e-01 -5.868563652038574219e-01 -2.172459602355957031e+00 1.288966178894042969e+00 -2.087876319885253906e+00 -2.737658262252807617e+00 2.270522594451904297e+00 -2.746189117431640625e+00 -2.976436614990234375e+00 1.714933633804321289e+00 -3.866898536682128906e+00 -3.552025794982910156e+00 2.060823202133178711e+00 -2.964011669158935547e+00 -2.489584445953369141e+00 1.178861379623413086e+00 -2.248980522155761719e+00 -1.642415046691894531e+00 1.240487098693847656e-01 -1.795454025268554688e+00 -1.170215606689453125e+00 6.935715675354003906e-01 -5.820035934448242188e-01 -3.483302593231201172e-01 -2.777910232543945312e-01 -4.718441963195800781e-01 4.791671037673950195e-01 9.169435501098632812e-02 8.550808429718017578e-01 7.091712951660156250e-01 -2.185001373291015625e-01 3.987593650817871094e-01 5.407543182373046875e-01 -8.549728393554687500e-01 4.519081115722656250e-02 1.428587436676025391e-01 -3.827571868896484375e-02 1.883768737316131592e-01 1.265408992767333984e-01 3.168010711669921875e-02 1.763951778411865234e-02 1.785597801208496094e-01 -7.503080368041992188e-02 2.131040096282958984e-01 2.566032409667968750e-01 -1.423645019531250000e-01 5.482624769210815430e-01 1.404943466186523438e-01 -1.320692896842956543e-02 -3.683292865753173828e-02 3.809733390808105469e-01 -5.496025085449218750e-03 9.113717079162597656e-02 2.694166898727416992e-01 -6.102926731109619141e-01 6.029632091522216797e-01 -4.758021533489227295e-01 -4.322767257690429688e-02 1.694431304931640625e-01 1.798796653747558594e-01 -3.596878051757812500e-02 1.339786052703857422e-01 4.711329936981201172e-01 -3.952627182006835938e-01 8.078675270080566406e-01 9.559392929077148438e-03 -4.395651817321777344e-02 6.146240234375000000e-01 4.960241317749023438e-01 -5.542892813682556152e-01 1.440340518951416016e+00 -4.752869606018066406e-01 -3.239258527755737305e-01 7.522025108337402344e-01 -9.655721187591552734e-01 -7.413581609725952148e-01 2.094704627990722656e+00 -8.210616111755371094e-01 -7.668104171752929688e-01 2.308206558227539062e+00 -7.920317649841308594e-01 -4.546275138854980469e-01 1.195152759552001953e+00 -7.436543703079223633e-01
1.023406982421875000e-01 -1.611042022705078125e-02 2.158660888671875000e-01 9.725952148437500000e-02 -1.101858615875244141e-01 1.068940162658691406e-01 1.209564208984375000e-01 -8.061933517456054688e-02 2.063980102539062500e-01 1.083221435546875000e-01 -1.141643524169921875e-01 2.966003417968750000e-01 9.529304504394531250e-02 -1.322135925292968750e-01 3.281440734863281250e-01 1.804351806640625000e-03 -4.761505126953125000e-02 1.971855163574218750e-01 -1.025962829589843750e-02 -2.515220642089843750e-02 1.771316528320312500e-01 -6.815338134765625000e-02 5.162811279296875000e-02 1.727647781372070312e-01 -2.337493896484375000e-01 6.472196578979492188e-01 2.765645980834960938e-01 -6.660270690917968750e-02 1.495933532714843750e-02 2.024068832397460938e-01 -8.839130401611328125e-03 -7.984352111816406250e-02 2.091751098632812500e-01 -1.087646484375000000e-01 7.958734035491943359e-02 1.673974990844726562e-01 -1.164169311523437500e-01 2.051296234130859375e-01 7.953834533691406250e-02 -9.046936035156250000e-02 -5.072385072708129883e-03 1.829819679260253906e-01 -3.704071044921875000e-03 1.924213171005249023e-01 1.430101394653320312e-01 4.797744750976562500e-02 -4.042530059814453125e-02 6.721496582031250000e-03 1.272773742675781250e-01 -5.560874938964843750e-02 -6.935567855834960938e-01 1.962928771972656250e-01 -4.405498504638671875e-01 -6.291809082031250000e-01 4.812088012695312500e-01 -5.665931701660156250e-01 -6.572856903076171875e-01 3.692703247070312500e-01 -8.165740966796875000e-01 -6.742782592773437500e-01 4.236519336700439453e-01 -4.821014404296875000e-01 -5.159111022949218750e-01 2.178726196289062500e-01 -4.766654968261718750e-01 -2.868099212646484375e-01 -1.476287841796875000e-02 -5.942420959472656250e-01 -1.384644508361816406e-01 3.027725219726562500e-02 -1.324462890625000000e-01 -3.826141357421875000e-03 -1.514778137207031250e-01 -1.100349426269531250e-01 1.210489273071289062e-01 -3.167724609375000000e-02 1.924457550048828125e-01 1.433663368225097656e-01 -4.148101806640625000e-02 8.448219299316406250e-02 1.151428222656250000e-01 -1.803932189941406250e-01 1.186370849609375000e-02 3.757095336914062500e-02 1.197814941406250000e-03 3.586149215698242188e-02 9.372711181640625000e-03 3.211975097656250000e-02 -2.582550048828125000e-03 4.302597045898437500e-02 2.092361450195312500e-03 4.120731353759765625e-02 6.785392761230468750e-02 -2.317810058593750000e-02 1.149597167968750000e-01 3.851699829101562500e-02 1.868724822998046875e-02 -9.123802185058593750e-03 1.063194274902343750e-01 1.955032348632812500e-02 1.860618591308593750e-02 8.520889282226562500e-02 -1.296434402465820312e-01 1.207389831542968750e-01 -8.760118484497070312e-02 3.574371337890625000e-03 4.701232910156250000e-02 6.426048278808593750e-02 1.819610595703125000e-02 5.586433410644531250e-02 1.083297729492187500e-01 -9.829521179199218750e-02 1.522140502929687500e-01 4.045295715332031250e-02 -4.089355468750000000e-02 1.211814880371093750e-01 1.339473724365234375e-01 -1.551761627197265625e-01 2.829742431640625000e-01 -7.125473022460937500e-02 -1.093807220458984375e-01 1.248130798339843750e-01 -2.404670715332031250e-01 -2.293090820312500000e-01 4.343566894531250000e-01 -1.469268798828125000e-01 -2.588310241699218750e-01 5.275268554687500000e-01 -1.716842651367187500e-01 -1.604690551757812500e-01 2.485542297363281250e-01 -1.640567779541015625e-01
-4.416275024414062500e-02 1.405687332153320312e-01 -5.001101493835449219e-01 -6.786632537841796875e-02 -3.853008151054382324e-01 -4.896368384361267090e-01 -8.061933517456054688e-02 3.246605992317199707e-01 -4.912576675415039062e-01 -4.672098159790039062e-02 4.071050882339477539e-01 -7.280168533325195312e-01 -4.074406623840332031e-02 4.211676120758056641e-01 -7.043976783752441406e-01 7.858419418334960938e-02 8.390951156616210938e-02 -4.653978347778320312e-01 7.800817489624023438e-02 3.901457786560058594e-02 -3.931322097778320312e-01 1.744909286499023438e-01 -1.366569995880126953e-01 -3.779294490814208984e-01 4.638247489929199219e-01 -1.450053691864013672e+00 -6.223863959312438965e-01 1.713525950908660889e-01 -6.073832511901855469e-02 -4.426578283309936523e-01 8.629578351974487305e-02 2.201597690582275391e-01 -5.501661300659179688e-01 2.857589721679687500e-01 -1.890445202589035034e-01 -3.761637806892395020e-01 2.140529155731201172e-01 -5.256265997886657715e-01 -1.531319618225097656e-01 2.455797195434570312e-01 7.148063927888870239e-02 -5.356215834617614746e-01 4.108810424804687500e-02 -4.002926945686340332e-01 -5.444935560226440430e-01 1.165118217468261719e-01 2.558205127716064453e-01 -2.420896291732788086e-01 -3.356723785400390625e-01 1.258788108825683594e-01 1.114902019500732422e+00 -6.618356704711914062e-01 9.186224937438964844e-01 1.368553042411804199e+00 -1.168082237243652344e+00 1.295445680618286133e+00 1.473114490509033203e+00 -8.632591366767883301e-01 1.908783912658691406e+00 1.768074989318847656e+00 -1.032970070838928223e+00 1.510559320449829102e+00 1.311739444732666016e+00 -6.005434989929199219e-01 1.197898387908935547e+00 8.776762485504150391e-01 -1.196770668029785156e-01 1.024662733078002930e+00 6.399434804916381836e-01 -3.284058570861816406e-01 3.433890342712402344e-01 1.926257610321044922e-01 1.734900474548339844e-01 2.612867355346679688e-01 -2.175573110580444336e-01 -2.122116088867187500e-02 -4.448945522308349609e-01 -3.504723310470581055e-01 1.172823905944824219e-01 -2.120802402496337891e-01 -2.687835693359375000e-01 4.455537796020507812e-01 -2.603006362915039062e-02 -6.704854965209960938e-02 1.082038879394531250e-02 -1.085799336433410645e-01 -5.590343475341796875e-02 -2.770566940307617188e-02 -1.439273357391357422e-02 -9.398078918457031250e-02 3.382921218872070312e-02 -1.107250452041625977e-01 -1.418738365173339844e-01 6.937313079833984375e-02 -2.857083082199096680e-01 -8.080518245697021484e-02 -2.255141735076904297e-04 2.296400070190429688e-02 -2.121415138244628906e-01 -6.834268569946289062e-04 -4.235982894897460938e-02 -1.575958728790283203e-01 2.921308279037475586e-01 -3.113532066345214844e-01 2.082180976867675781e-01 1.115894317626953125e-02 -6.785869598388671875e-02 -1.115981340408325195e-01 4.226207733154296875e-03 -6.546020507812500000e-02 -2.529466152191162109e-01 2.053165435791015625e-01 -3.739647865295410156e-01 -3.267645835876464844e-02 6.757402420043945312e-02 -2.882328033447265625e-01 -2.675063610076904297e-01 2.987845838069915771e-01 -6.981859207153320312e-01 2.192292213439941406e-01 2.074011564254760742e-01 -3.377521038055419922e-01 5.090932846069335938e-01 4.201071858406066895e-01 -1.032782554626464844e+00 3.991661071777343750e-01 4.535522460937500000e-01 -1.178063392639160156e+00 4.028749465942382812e-01 2.745156288146972656e-01 -6.113705635070800781e-01 3.908200263977050781e-01
1.467056274414062500e-01 -9.276390075683593750e-02 1.240093231201171875e+00 2.109375000000000000e-01 2.940933704376220703e-01 9.740791320800781250e-01 2.063980102539062500e-01 -4.912576675415039062e-01 1.230579376220703125e+00 1.362037658691406250e-01 -6.891880035400390625e-01 1.784164428710937500e+00 1.699562072753906250e-01 -7.740688323974609375e-01 1.734764099121093750e+00 -1.147270202636718750e-01 -2.240333557128906250e-01 1.060020446777343750e+00 -1.447734832763671875e-01 -1.073818206787109375e-01 9.109001159667968750e-01 -3.878536224365234375e-01 2.976341247558593750e-01 8.786602020263671875e-01 -1.053527832031250000e+00 3.330951690673828125e+00 1.504958152770996094e+00 -3.841919898986816406e-01 1.297531127929687500e-01 1.018186569213867188e+00 -1.825790405273437500e-01 -5.714607238769531250e-01 1.372097015380859375e+00 -6.077938079833984375e-01 4.010450839996337891e-01 8.699517250061035156e-01 -4.654178619384765625e-01 1.126313686370849609e+00 3.217639923095703125e-01 -5.027580261230468750e-01 -2.433728724718093872e-01 1.172610282897949219e+00 -5.912399291992187500e-02 9.094550609588623047e-01 1.088379859924316406e+00 -9.447860717773437500e-02 -6.714038848876953125e-01 3.566322326660156250e-01 7.593193054199218750e-01 -5.731658935546875000e-01 -3.087259292602539062e+00 1.423019409179687500e+00 -2.434032440185546875e+00 -3.339282035827636719e+00 2.768905639648437500e+00 -3.249282836914062500e+00 -3.488504409790039062e+00 2.104782104492187500e+00 -4.498168945312500000e+00 -3.854232788085937500e+00 2.409667491912841797e+00 -3.098796844482421875e+00 -2.972888946533203125e+00 1.315700531005859375e+00 -2.544868469238281250e+00 -1.927770614624023438e+00 -3.709411621093750000e-02 -2.332893371582031250e+00 -1.414215087890625000e+00 6.615676879882812500e-01 -8.114662170410156250e-01 -3.169670104980468750e-01 -4.483413696289062500e-01 -6.582489013671875000e-01 5.317611694335937500e-01 3.337860107421875000e-02 9.978408813476562500e-01 8.220953941345214844e-01 -2.494506835937500000e-01 4.418087005615234375e-01 6.317272186279296875e-01 -9.939537048339843750e-01 2.087402343750000000e-02 1.466579437255859375e-01 5.439758300781250000e-03 1.894962787628173828e-01 1.250381469726562500e-01 8.086395263671875000e-02 4.526853561401367188e-03 2.308235168457031250e-01 -6.894111633300781250e-02 2.466735839843750000e-01 3.467960357666015625e-01 -1.675453186035156250e-01 6.392097473144531250e-01 1.993780136108398438e-01 8.818864822387695312e-03 -2.959728240966796875e-02 5.213775634765625000e-01 1.273727416992187500e-02 1.173839569091796875e-01 4.017419815063476562e-01 -7.140760421752929688e-01 6.964340209960937500e-01 -4.917583465576171875e-01 -5.181121826171875000e-02 2.382049560546875000e-01 2.961206436157226562e-01 -1.838684082031250000e-02 2.279586791992187500e-01 6.065568923950195312e-01 -4.948368072509765625e-01 9.380989074707031250e-01 1.293067932128906250e-01 -7.195472717285156250e-02 7.179489135742187500e-01 7.229537963867187500e-01 -7.421123981475830078e-01 1.676841735839843750e+00 -4.540481567382812500e-01 -4.811716079711914062e-01 8.496170043945312500e-01 -1.144741058349609375e+00 -1.156818389892578125e+00 2.508415222167968750e+00 -9.267883300781250000e-01 -1.256050109863281250e+00 2.958457946777343750e+00 -1.033279418945312500e+00 -6.541404724121093750e-01 1.331333160400390625e+00 -9.352931976318359375e-01
8.840179443359375000e-02 2.429008483886718750e-02 1.514835357666015625e-01 9.020233154296875000e-02 -1.915156841278076172e-01 2.528429031372070312e-02 1.083221435546875000e-01 -4.672098159790039062e-02 1.362037658691406250e-01 1.464233398437500000e-01 -4.700088500976562500e-02 1.924743652343750000e-01 1.241836547851562500e-01 -8.982086181640625000e-02 2.331619262695312500e-01 3.122711181640625000e-02 -5.211257934570312500e-02 1.395797729492187500e-01 1.215362548828125000e-02 -3.036499023437500000e-02 1.274757385253906250e-01 -3.662109375000000000e-02 2.592086791992187500e-02 1.255760192871093750e-01 -1.752166748046875000e-01 4.644298553466796875e-01 1.740627288818359375e-01 -3.606033325195312500e-02 2.830505371093750000e-03 1.471595764160156250e-01 2.544116973876953125e-02 -3.680038452148437500e-02 1.090850830078125000e-01 -7.038307189941406250e-02 5.814957618713378906e-02 1.180086135864257812e-01 -9.156036376953125000e-02 1.405124664306640625e-01 5.725860595703125000e-02 -5.733108520507812500e-02 6.544977426528930664e-03 1.110949516296386719e-01 8.800506591796875000e-03 1.326208114624023438e-01 6.369781494140625000e-02 7.591629028320312500e-02 -3.465652465820312500e-03 -3.407287597656250000e-02 7.669067382812500000e-02 -5.248832702636718750e-02 -5.684642791748046875e-01 7.456207275390625000e-02 -3.131103515625000000e-01 -4.655132293701171875e-01 2.988510131835937500e-01 -4.025192260742187500e-01 -4.818840026855468750e-01 2.383594512939453125e-01 -5.448875427246093750e-01 -4.329299926757812500e-01 2.632536888122558594e-01 -2.573127746582031250e-01 -3.420639038085937500e-01 1.045188903808593750e-01 -2.902450561523437500e-01 -1.591644287109375000e-01 -9.403991699218750000e-02 -4.169540405273437500e-01 -5.857658386230468750e-02 -2.199172973632812500e-02 -7.172393798828125000e-02 3.848266601562500000e-02 -1.274795532226562500e-01 -7.497787475585937500e-02 1.026325225830078125e-01 -3.849792480468750000e-02 1.215744018554687500e-01 9.858036041259765625e-02 -1.615142822265625000e-02 4.030227661132812500e-02 8.221817016601562500e-02 -1.080245971679687500e-01 -1.708984375000000000e-03 3.633499145507812500e-02 5.874633789062500000e-03 2.331733703613281250e-04 1.514434814453125000e-03 3.202819824218750000e-02 -2.041816711425781250e-02 3.267288208007812500e-02 7.781982421875000000e-03 1.427650451660156250e-02 5.138969421386718750e-02 -1.291656494140625000e-02 6.192588806152343750e-02 3.013706207275390625e-02 1.847434043884277344e-02 -1.028537750244140625e-02 8.300781250000000000e-02 1.338386535644531250e-02 1.523208618164062500e-02 6.886863708496093750e-02 -8.557510375976562500e-02 7.633590698242187500e-02 -4.817771911621093750e-02 -4.089355468750000000e-03 4.341125488281250000e-02 5.096626281738281250e-02 8.968353271484375000e-03 5.343246459960937500e-02 7.121658325195312500e-02 -7.017517089843750000e-02 1.153106689453125000e-01 3.866767883300781250e-02 -1.950454711914062500e-02 9.201431274414062500e-02 1.126976013183593750e-01 -1.119141578674316406e-01 1.922760009765625000e-01 -3.491210937500000000e-02 -6.272888183593750000e-02 8.087921142578125000e-02 -1.571807861328125000e-01 -1.666212081909179688e-01 2.976837158203125000e-01 -8.449554443359375000e-02 -1.851692199707031250e-01 3.537445068359375000e-01 -1.075515747070312500e-01 -1.154022216796875000e-01 1.497116088867187500e-01 -9.883308410644531250e-02
-7.257080078125000000e-02 1.745276451110839844e-01 -7.031588554382324219e-01 -9.733772277832031250e-02 -4.527110457420349121e-01 -6.660230159759521484e-01 -1.141643524169921875e-01 4.071050882339477539e-01 -6.891880035400390625e-01 -4.700088500976562500e-02 5.408287048339843750e-01 -1.033416748046875000e+00 -5.059242248535156250e-02 5.541114807128906250e-01 -9.982433319091796875e-01 1.083555221557617188e-01 1.133518218994140625e-01 -6.465053558349609375e-01 1.085700988769531250e-01 5.091190338134765625e-02 -5.473651885986328125e-01 2.439136505126953125e-01 -1.935601234436035156e-01 -5.267639160156250000e-01 6.364984512329101562e-01 -2.008299589157104492e+00 -8.930120468139648438e-01 2.399792373180389404e-01 -8.776330947875976562e-02 -6.154615879058837891e-01 1.280777454376220703e-01 3.203077316284179688e-01 -7.944326400756835938e-01 3.887846469879150391e-01 -2.600658833980560303e-01 -5.239753723144531250e-01 2.885079383850097656e-01 -7.207896709442138672e-01 -2.159976959228515625e-01 3.318929672241210938e-01 1.031420081853866577e-01 -7.343459129333496094e-01 5.802536010742187500e-02 -5.671714544296264648e-01 -7.341443300247192383e-01 1.435718536376953125e-01 3.593440055847167969e-01 -3.084659576416015625e-01 -4.602718353271484375e-01 2.012915611267089844e-01 1.606867551803588867e+00 -9.268732070922851562e-01 1.331975936889648438e+00 1.905546307563781738e+00 -1.648190498352050781e+00 1.838135719299316406e+00 2.043249130249023438e+00 -1.229608535766601562e+00 2.688069343566894531e+00 2.427524566650390625e+00 -1.454723596572875977e+00 2.062892913818359375e+00 1.819073677062988281e+00 -8.380565643310546875e-01 1.659207344055175781e+00 1.217273235321044922e+00 -1.373481750488281250e-01 1.456202507019042969e+00 8.998396396636962891e-01 -4.379539489746093750e-01 5.067195892333984375e-01 2.568292617797851562e-01 2.519302368164062500e-01 3.774719238281250000e-01 -2.986454963684082031e-01 -2.820587158203125000e-02 -6.194629669189453125e-01 -4.871227741241455078e-01 1.579723358154296875e-01 -2.976799011230468750e-01 -3.750314712524414062e-01 6.206893920898437500e-01 -3.787708282470703125e-02 -9.035730361938476562e-02 1.893043518066406250e-02 -1.539251804351806641e-01 -7.810688018798828125e-02 -3.959655761718750000e-02 -2.443647384643554688e-02 -1.326589584350585938e-01 4.572391510009765625e-02 -1.595993041992187500e-01 -1.982898712158203125e-01 9.744834899902343750e-02 -4.030556678771972656e-01 -1.128950119018554688e-01 -1.821815967559814453e-03 2.576398849487304688e-02 -2.962970733642578125e-01 -6.005287170410156250e-03 -6.277275085449218750e-02 -2.201085090637207031e-01 4.077534675598144531e-01 -4.339075088500976562e-01 2.952475547790527344e-01 1.458263397216796875e-02 -1.050815582275390625e-01 -1.565546989440917969e-01 2.073287963867187500e-03 -1.022310256958007812e-01 -3.524093627929687500e-01 2.881765365600585938e-01 -5.265884399414062500e-01 -5.041885375976562500e-02 8.945941925048828125e-02 -4.051704406738281250e-01 -3.797073364257812500e-01 4.222708940505981445e-01 -9.842700958251953125e-01 3.000545501708984375e-01 2.930221557617187500e-01 -4.790668487548828125e-01 7.114982604980468750e-01 6.159582138061523438e-01 -1.463037490844726562e+00 5.574970245361328125e-01 6.668109893798828125e-01 -1.684707641601562500e+00 5.778522491455078125e-01 3.856639862060546875e-01 -8.446350097656250000e-01 5.568943023681640625e-01
