0.000000000000000000e+00 5.006197452545166016e+00 4.810120105743408203e+00 6.081711769104003906e+00 1.013728523254394531e+01 1.887096786499023438e+01 1.567163562774658203e+01 1.472445297241210938e+01 1.700597763061523438e+01 1.110198307037353516e+01 1.165494632720947266e+01 1.050008392333984375e+01 1.385191822052001953e+01 7.039198398590087891e+00 5.283774852752685547e+00 7.549658298492431641e+00 7.116329669952392578e+00 9.369531631469726562e+00 1.216674518585205078e+01 1.403948688507080078e+01 1.587570381164550781e+01 1.685026168823242188e+01 1.774285697937011719e+01 1.907284736633300781e+01 2.024621963500976562e+01 2.161713027954101562e+01 2.036538124084472656e+01 1.984523391723632812e+01 2.114156913757324219e+01 1.753706359863281250e+01 1.448441982269287109e+01 1.595537567138671875e+01 1.074593257904052734e+01 8.725619316101074219e+00 1.288771533966064453e+01 6.823246002197265625e+00 4.210351943969726562e+00 1.052785968780517578e+01 8.819473266601562500e+00 1.655946922302246094e+01 1.642911529541015625e+01 2.125587272644042969e+01 2.379194259643554688e+01 2.166804695129394531e+01
5.006197452545166016e+00 0.000000000000000000e+00 9.249197959899902344e+00 9.235653877258300781e+00 1.322270298004150391e+01 2.125368118286132812e+01 1.815997314453125000e+01 1.647360420227050781e+01 1.795113945007324219e+01 1.268010234832763672e+01 1.412050437927246094e+01 1.136291217803955078e+01 1.482831573486328125e+01 7.660562038421630859e+00 6.563176155090332031e+00 5.769522190093994141e+00 5.401866912841796875e+00 8.298784255981445312e+00 1.011896705627441406e+01 1.253112506866455078e+01 1.483237934112548828e+01 1.666899681091308594e+01 1.842208480834960938e+01 1.896902275085449219e+01 2.086916351318359375e+01 2.285271072387695312e+01 2.234070777893066406e+01 2.148000144958496094e+01 2.379142761230468750e+01 2.053196716308593750e+01 1.716346359252929688e+01 1.816777992248535156e+01 1.384815216064453125e+01 1.147682952880859375e+01 1.477336883544921875e+01 9.882387161254882812e+00 7.440050125122070312e+00 1.140357303619384766e+01 9.525787353515625000e+00 1.717092323303222656e+01 1.671438789367675781e+01 2.120649337768554688e+01 2.399946975708007812e+01 2.351475524902343750e+01
4.810120105743408203e+00 9.249197959899902344e+00 0.000000000000000000e+00 3.814521074295043945e+00 6.125625133514404297e+00 1.498093891143798828e+01 1.199378681182861328e+01 1.202527141571044922e+01 1.523480606079101562e+01 8.943930625915527344e+00 8.021049499511718750e+00 9.812942504882812500e+00 1.290005111694335938e+01 7.549411296844482422e+00 5.850540637969970703e+00 9.452571868896484375e+00 8.873360633850097656e+00 9.859679222106933594e+00 1.301191806793212891e+01 1.436211013793945312e+01 1.572173500061035156e+01 1.576665210723876953e+01 1.571486854553222656e+01 1.783277511596679688e+01 1.822984886169433594e+01 1.913066482543945312e+01 1.721390724182128906e+01 1.675006675720214844e+01 1.762482070922851562e+01 1.390349102020263672e+01 1.150664806365966797e+01 1.352026176452636719e+01 7.770602703094482422e+00 7.465263366699218750e+00 1.191016197204589844e+01 7.176394462585449219e+00 5.506890296936035156e+00 1.197130775451660156e+01 1.038956356048583984e+01 1.731104660034179688e+01 1.661058425903320312e+01 2.248425483703613281e+01 2.414547157287597656e+01 2.013730621337890625e+01
6.081711769104003906e+00 9.235653877258300781e+00 3.814521074295043945e+00 0.000000000000000000e+00 4.930644512176513672e+00 1.529858207702636719e+01 1.295985698699951172e+01 1.332570266723632812e+01 1.682556533813476562e+01 1.016956329345703125e+01 8.069491386413574219e+00 1.167080593109130859e+01 1.514340305328369141e+01 9.173849105834960938e+00 7.308311462402343750e+00 9.904726982116699219e+00 8.831564903259277344e+00 9.688471794128417969e+00 1.267773914337158203e+01 1.458368015289306641e+01 1.629458236694335938e+01 1.646990776062011719e+01 1.647722053527832031e+01 1.866664505004882812e+01 1.915546798706054688e+01 2.043272018432617188e+01 1.857337379455566406e+01 1.750969505310058594e+01 1.945817565917968750e+01 1.596220874786376953e+01 1.388720226287841797e+01 1.597076129913330078e+01 1.049143409729003906e+01 1.067553997039794922e+01 1.494051074981689453e+01 1.063570594787597656e+01 8.510251998901367188e+00 1.497694683074951172e+01 1.313133144378662109e+01 2.040178298950195312e+01 1.920643424987792969e+01 2.549303054809570312e+01 2.705688095092773438e+01 2.315740203857421875e+01
1.013728523254394531e+01 1.322270298004150391e+01 6.125625133514404297e+00 4.930644512176513672e+00 0.000000000000000000e+00 1.072806453704833984e+01 9.001997947692871094e+00 1.046750068664550781e+01 1.463380813598632812e+01 8.424275398254394531e+00 4.291974067687988281e+00 1.131857490539550781e+01 1.418810844421386719e+01 1.034241962432861328e+01 9.084405899047851562e+00 1.186814212799072266e+01 1.093963146209716797e+01 1.045331859588623047e+01 1.323666858673095703e+01 1.437315940856933594e+01 1.546209239959716797e+01 1.470308113098144531e+01 1.376120853424072266e+01 1.660038185119628906e+01 1.631875801086425781e+01 1.721994781494140625e+01 1.490251445770263672e+01 1.368479919433593750e+01 1.574695587158203125e+01 1.254649829864501953e+01 1.140904426574707031e+01 1.374548053741455078e+01 8.939506530761718750e+00 1.087033367156982422e+01 1.446791458129882812e+01 1.233796501159667969e+01 1.097613239288330078e+01 1.652531051635742188e+01 1.480260562896728516e+01 2.099618721008300781e+01 1.905951499938964844e+01 2.625660896301269531e+01 2.686175155639648438e+01 2.157233047485351562e+01
1.887096786499023438e+01 2.125368118286132812e+01 1.498093891143798828e+01 1.529858207702636719e+01 1.072806453704833984e+01 0.000000000000000000e+00 3.839856147766113281e+00 7.001145839691162109e+00 1.044471454620361328e+01 9.479092597961425781e+00 7.425733089447021484e+00 1.295574188232421875e+01 1.325622844696044922e+01 1.503164386749267578e+01 1.522713851928710938e+01 1.721479606628417969e+01 1.690580749511718750e+01 1.476060962677001953e+01 1.615874481201171875e+01 1.520767879486083984e+01 1.446173763275146484e+01 1.175985622406005859e+01 8.650897979736328125e+00 1.217019844055175781e+01 9.837159156799316406e+00 9.369174003601074219e+00 6.424666881561279297e+00 4.948241710662841797e+00 7.788254261016845703e+00 7.243866443634033203e+00 8.980209350585937500e+00 1.040543651580810547e+01 1.060592651367187500e+01 1.423833370208740234e+01 1.484322643280029297e+01 1.767016792297363281e+01 1.763850593566894531e+01 2.005525207519531250e+01 1.887036895751953125e+01 2.173160743713378906e+01 1.839241218566894531e+01 2.649378967285156250e+01 2.490875625610351562e+01 1.770742607116699219e+01
1.567163562774658203e+01 1.815997314453125000e+01 1.199378681182861328e+01 1.295985698699951172e+01 9.001997947692871094e+00 3.839856147766113281e+00 0.000000000000000000e+00 3.827238559722900391e+00 7.945013999938964844e+00 6.080487728118896484e+00 5.145416736602783203e+00 9.409686088562011719e+00 9.833285331726074219e+00 1.155603694915771484e+01 1.185596466064453125e+01 1.410421466827392578e+01 1.395251655578613281e+01 1.204295444488525391e+01 1.376408481597900391e+01 1.282768249511718750e+01 1.221350383758544922e+01 9.810055732727050781e+00 7.177148342132568359e+00 1.063235569000244141e+01 8.914857864379882812e+00 8.734607696533203125e+00 5.936997413635253906e+00 5.254201412200927734e+00 7.183279514312744141e+00 5.067077636718750000e+00 5.472098827362060547e+00 7.223525047302246094e+00 6.829167842864990234e+00 1.041575908660888672e+01 1.113584995269775391e+01 1.391543388366699219e+01 1.402870273590087891e+01 1.623663520812988281e+01 1.508905887603759766e+01 1.813234329223632812e+01 1.504406547546386719e+01 2.304706192016601562e+01 2.190078544616699219e+01 1.509430503845214844e+01
1.472445297241210938e+01 1.647360420227050781e+01 1.202527141571044922e+01 1.332570266723632812e+01 1.046750068664550781e+01 7.001145839691162109e+00 3.827238559722900391e+00 0.000000000000000000e+00 4.452673912048339844e+00 3.814002275466918945e+00 6.306188583374023438e+00 6.312944889068603516e+00 6.332768917083740234e+00 9.219291687011718750e+00 1.009046173095703125e+01 1.170638561248779297e+01 1.187283134460449219e+01 9.793813705444335938e+00 1.111152839660644531e+01 9.662305831909179688e+00 8.760413169860839844e+00 6.458580970764160156e+00 4.480930328369140625e+00 7.449372291564941406e+00 6.531157016754150391e+00 7.152799606323242188e+00 5.884448528289794922e+00 5.414965629577636719e+00 8.044516563415527344e+00 6.180933475494384766e+00 4.431581497192382812e+00 5.184792995452880859e+00 6.002177715301513672e+00 8.665025711059570312e+00 8.540344238281250000e+00 1.238330173492431641e+01 1.261376857757568359e+01 1.361920928955078125e+01 1.248982334136962891e+01 1.511508274078369141e+01 1.159479045867919922e+01 1.985325431823730469e+01 1.871666145324707031e+01 1.300761508941650391e+01
1.700597763061523438e+01 1.795113945007324219e+01 1.523480606079101562e+01 1.682556533813476562e+01 1.463380813598632812e+01 1.044471454620361328e+01 7.945013999938964844e+00 4.452673912048339844e+00 0.000000000000000000e+00 6.663880825042724609e+00 1.056095123291015625e+01 6.763891696929931641e+00 4.624867916107177734e+00 1.044418621063232422e+01 1.195031261444091797e+01 1.259571170806884766e+01 1.319895076751708984e+01 1.106773185729980469e+01 1.140426063537597656e+01 8.950542449951171875e+00 7.023770332336425781e+00 4.609537124633789062e+00 3.776052713394165039e+00 4.565318584442138672e+00 4.347160816192626953e+00 5.290392398834228516e+00 6.421107769012451172e+00 6.752845287322998047e+00 8.946640014648437500e+00 8.402117729187011719e+00 6.423617362976074219e+00 5.077315330505371094e+00 8.697362899780273438e+00 1.008340072631835938e+01 7.987688541412353516e+00 1.370627117156982422e+01 1.433733558654785156e+01 1.318939971923828125e+01 1.245250988006591797e+01 1.303559684753417969e+01 8.756885528564453125e+00 1.707863807678222656e+01 1.522048377990722656e+01 1.057188606262207031e+01
1.110198307037353516e+01 1.268010234832763672e+01 8.943930625915527344e+00 1.016956329345703125e+01 8.424275398254394531e+00 9.479092597961425781e+00 6.080487728118896484e+00 3.814002275466918945e+00 6.663880825042724609e+00 0.000000000000000000e+00 4.989240646362304688e+00 3.809313058853149414e+00 6.116022109985351562e+00 5.665832042694091797e+00 6.349479198455810547e+00 8.140957832336425781e+00 8.207369804382324219e+00 6.458544254302978516e+00 8.466207504272460938e+00 7.896823883056640625e+00 8.057348251342773438e+00 7.106342315673828125e+00 6.835739612579345703e+00 8.986536979675292969e+00 9.343533515930175781e+00 1.067342948913574219e+01 9.693128585815429688e+00 8.945496559143066406e+00 1.150736999511718750e+01 8.837077140808105469e+00 5.980745792388916016e+00 7.152874946594238281e+00 4.885259151458740234e+00 6.458140850067138672e+00 7.905016422271728516e+00 9.711544990539550781e+00 9.374570846557617188e+00 1.140159606933593750e+01 9.854250907897949219e+00 1.429923915863037109e+01 1.128289222717285156e+01 1.927056884765625000e+01 1.915596389770507812e+01 1.473121261596679688e+01
1.165494632720947266e+01 1.412050437927246094e+01 8.021049499511718750e+00 8.069491386413574219e+00 4.291974067687988281e+00 7.425733089447021484e+00 5.145416736602783203e+00 6.306188583374023438e+00 1.056095123291015625e+01 4.989240646362304688e+00 0.000000000000000000e+00 8.583096504211425781e+00 1.089184093475341797e+01 8.992806434631347656e+00 8.546092987060546875e+00 1.097160434722900391e+01 1.039030933380126953e+01 8.946161270141601562e+00 1.132779121398925781e+01 1.160604572296142578e+01 1.212038230895996094e+01 1.083498382568359375e+01 9.541526794433593750e+00 1.254409503936767578e+01 1.204963493347167969e+01 1.295873928070068359e+01 1.084631633758544922e+01 9.547797203063964844e+00 1.219339942932128906e+01 9.326180458068847656e+00 8.124909400939941406e+00 1.023632240295410156e+01 6.693006515502929688e+00 9.374591827392578125e+00 1.192599010467529297e+01 1.201758384704589844e+01 1.120305347442626953e+01 1.522772312164306641e+01 1.359733772277832031e+01 1.874471282958984375e+01 1.610810089111328125e+01 2.389954566955566406e+01 2.382534980773925781e+01 1.830757904052734375e+01
1.050008392333984375e+01 1.136291217803955078e+01 9.812942504882812500e+00 1.167080593109130859e+01 1.131857490539550781e+01 1.295574188232421875e+01 9.409686088562011719e+00 6.312944889068603516e+00 6.763891696929931641e+00 3.809313058853149414e+00 8.583096504211425781e+00 0.000000000000000000e+00 3.823558807373046875e+00 3.753484725952148438e+00 5.435523509979248047e+00 6.485845088958740234e+00 7.218063354492187500e+00 6.131124019622802734e+00 7.737031459808349609e+00 6.873408317565917969e+00 7.072626113891601562e+00 7.249636650085449219e+00 8.328410148620605469e+00 9.105383872985839844e+00 1.038804054260253906e+01 1.185130786895751953e+01 1.169394397735595703e+01 1.149849414825439453e+01 1.333644866943359375e+01 1.079102897644042969e+01 7.156938076019287109e+00 7.345296382904052734e+00 5.856786727905273438e+00 5.054210186004638672e+00 5.628240585327148438e+00 7.932159900665283203e+00 7.956076145172119141e+00 8.102447509765625000e+00 6.615562915802001953e+00 1.093348884582519531e+01 8.078523635864257812e+00 1.579057788848876953e+01 1.617590141296386719e+01 1.334174537658691406e+01
1.385191822052001953e+01 1.482831573486328125e+01 1.290005111694335938e+01 1.514340305328369141e+01 1.418810844421386719e+01 1.325622844696044922e+01 9.833285331726074219e+00 6.332768917083740234e+00 4.624867916107177734e+00 6.116022109985351562e+00 1.089184093475341797e+01 3.823558807373046875e+00 0.000000000000000000e+00 7.366199970245361328e+00 9.091830253601074219e+00 9.958045959472656250e+00 1.087191390991210938e+01 9.618539810180664062e+00 1.049101829528808594e+01 8.605892181396484375e+00 7.568959236145019531e+00 6.990448474884033203e+00 7.711425304412841797e+00 7.932623386383056641e+00 8.878714561462402344e+00 9.717803955078125000e+00 1.011646652221679688e+01 1.072832870483398438e+01 1.153297901153564453e+01 9.707568168640136719e+00 6.254942893981933594e+00 5.080910205841064453e+00 6.872454643249511719e+00 6.510468482971191406e+00 3.986046075820922852e+00 9.711312294006347656e+00 1.063841533660888672e+01 8.572779655456542969e+00 7.979992866516113281e+00 9.027566909790039062e+00 5.358026504516601562e+00 1.363573360443115234e+01 1.305413532257080078e+01 9.775540351867675781e+00
7.039198398590087891e+00 7.660562038421630859e+00 7.549411296844482422e+00 9.173849105834960938e+00 1.034241962432861328e+01 1.503164386749267578e+01 1.155603694915771484e+01 9.219291687011718750e+00 1.044418621063232422e+01 5.665832042694091797e+00 8.992806434631347656e+00 3.753484725952148438e+00 7.366199970245361328e+00 0.000000000000000000e+00 1.990974903106689453e+00 3.603697776794433594e+00 4.211644649505615234e+00 4.638406276702880859e+00 7.109847545623779297e+00 7.790134429931640625e+00 9.135578155517578125e+00 1.010781764984130859e+01 1.144263648986816406e+01 1.225374412536621094e+01 1.375994586944580078e+01 1.541144466400146484e+01 1.495938491821289062e+01 1.446792793273925781e+01 1.643855667114257812e+01 1.344347953796386719e+01 9.876483917236328125e+00 1.062000465393066406e+01 7.202311992645263672e+00 5.288805484771728516e+00 7.907549858093261719e+00 6.431978225708007812e+00 5.314178466796875000e+00 7.629815101623535156e+00 5.544922351837158203e+00 1.227578544616699219e+01 1.051523399353027344e+01 1.709275627136230469e+01 1.850302314758300781e+01 1.646083068847656250e+01
5.283774852752685547e+00 6.563176155090332031e+00 5.850540637969970703e+00 7.308311462402343750e+00 9.084405899047851562e+00 1.522713851928710938e+01 1.185596466064453125e+01 1.009046173095703125e+01 1.195031261444091797e+01 6.349479198455810547e+00 8.546092987060546875e+00 5.435523509979248047e+00 9.091830253601074219e+00 1.990974903106689453e+00 0.000000000000000000e+00 3.925004243850708008e+00 3.914375066757202148e+00 5.006340503692626953e+00 7.908684253692626953e+00 9.145226478576660156e+00 1.072019386291503906e+01 1.158584308624267578e+01 1.265517902374267578e+01 1.379841518402099609e+01 1.511337947845458984e+01 1.670218849182128906e+01 1.590439224243164062e+01 1.529040241241455078e+01 1.722922515869140625e+01 1.400335693359375000e+01 1.064000988006591797e+01 1.176877880096435547e+01 7.479796886444091797e+00 5.780660629272460938e+00 9.239049911499023438e+00 6.267743587493896484e+00 4.459864139556884766e+00 8.627719879150390625e+00 6.529545783996582031e+00 1.377994918823242188e+01 1.236504745483398438e+01 1.866062545776367188e+01 2.028098869323730469e+01 1.792769622802734375e+01
7.549658298492431641e+00 5.769522190093994141e+00 9.452571868896484375e+00 9.904726982116699219e+00 1.186814212799072266e+01 1.721479606628417969e+01 1.410421466827392578e+01 1.170638561248779297e+01 1.259571170806884766e+01 8.140957832336425781e+00 1.097160434722900391e+01 6.485845088958740234e+00 9.958045959472656250e+00 3.603697776794433594e+00 3.925004243850708008e+00 0.000000000000000000e+00 1.467473030090332031e+00 3.261459112167358398e+00 5.045145511627197266e+00 6.911368846893310547e+00 9.087348937988281250e+00 1.095245552062988281e+01 1.297195911407470703e+01 1.323435592651367188e+01 1.531117248535156250e+01 1.750524520874023438e+01 1.747565269470214844e+01 1.653771781921386719e+01 1.941432571411132812e+01 1.663347244262695312e+01 1.317547416687011719e+01 1.378101825714111328e+01 1.067773246765136719e+01 8.833882331848144531e+00 1.111232376098632812e+01 9.200289726257324219e+00 7.477550029754638672e+00 9.640583038330078125e+00 7.505300998687744141e+00 1.430364608764648438e+01 1.245517826080322266e+01 1.855258369445800781e+01 2.026201438903808594e+01 1.939312553405761719e+01
7.116329669952392578e+00 5.401866912841796875e+00 8.873360633850097656e+00 8.831564903259277344e+00 1.093963146209716797e+01 1.690580749511718750e+01 1.395251655578613281e+01 1.187283134460449219e+01 1.319895076751708984e+01 8.207369804382324219e+00 1.039030933380126953e+01 7.218063354492187500e+00 1.087191390991210938e+01 4.211644649505615234e+00 3.914375066757202148e+00 1.467473030090332031e+00 0.000000000000000000e+00 2.911532878875732422e+00 5.122934341430664062e+00 7.413182735443115234e+00 9.716176986694335938e+00 1.141709232330322266e+01 1.323748397827148438e+01 1.376300621032714844e+01 1.569939231872558594e+01 1.792025184631347656e+01 1.770425796508789062e+01 1.658662033081054688e+01 1.966882133483886719e+01 1.681970024108886719e+01 1.352345561981201172e+01 1.435564327239990234e+01 1.088641643524169922e+01 9.379947662353515625e+00 1.203173446655273438e+01 9.735178947448730469e+00 7.743442535400390625e+00 1.079827308654785156e+01 8.628068923950195312e+00 1.562677860260009766e+01 1.374226093292236328e+01 1.996937370300292969e+01 2.162811279296875000e+01 2.037975502014160156e+01
9.369531631469726562e+00 8.298784255981445312e+00 9.859679222106933594e+00 9.688471794128417969e+00 1.045331859588623047e+01 1.476060962677001953e+01 1.204295444488525391e+01 9.793813705444335938e+00 1.106773185729980469e+01 6.458544254302978516e+00 8.946161270141601562e+00 6.131124019622802734e+00 9.618539810180664062e+00 4.638406276702880859e+00 5.006340503692626953e+00 3.261459112167358398e+00 2.911532878875732422e+00 0.000000000000000000e+00 3.155676841735839844e+00 5.115678787231445312e+00 7.347618579864501953e+00 8.812710762023925781e+00 1.061319828033447266e+01 1.119185733795166016e+01 1.309997844696044922e+01 1.550370502471923828e+01 1.547224330902099609e+01 1.411227512359619141e+01 1.779858207702636719e+01 1.529420185089111328e+01 1.221929454803466797e+01 1.294409561157226562e+01 1.022929191589355469e+01 9.565689086914062500e+00 1.161593055725097656e+01 1.097831058502197266e+01 9.395943641662597656e+00 1.183186817169189453e+01 9.742297172546386719e+00 1.585327529907226562e+01 1.314817428588867188e+01 2.023530387878417969e+01 2.116645050048828125e+01 1.936766433715820312e+01
1.216674518585205078e+01 1.011896705627441406e+01 1.301191806793212891e+01 1.267773914337158203e+01 1.323666858673095703e+01 1.615874481201171875e+01 1.376408481597900391e+01 1.111152839660644531e+01 1.140426063537597656e+01 8.466207504272460938e+00 1.132779121398925781e+01 7.737031459808349609e+00 1.049101829528808594e+01 7.109847545623779297e+00 7.908684253692626953e+00 5.045145511627197266e+00 5.122934341430664062e+00 3.155676841735839844e+00 0.000000000000000000e+00 3.142186880111694336e+00 5.820503711700439453e+00 8.097107887268066406e+00 1.063835525512695312e+01 1.032113265991210938e+01 1.280678653717041016e+01 1.563347911834716797e+01 1.630070686340332031e+01 1.476200771331787109e+01 1.906120872497558594e+01 1.704814338684082031e+01 1.404663658142089844e+01 1.431938743591308594e+01 1.267432975769042969e+01 1.197921848297119141e+01 1.316314125061035156e+01 1.349345016479492188e+01 1.209823799133300781e+01 1.332317161560058594e+01 1.138805389404296875e+01 1.656419181823730469e+01 1.340541076660156250e+01 2.039817047119140625e+01 2.106132698059082031e+01 2.016676712036132812e+01
1.403948688507080078e+01 1.253112506866455078e+01 1.436211013793945312e+01 1.458368015289306641e+01 1.437315940856933594e+01 1.520767879486083984e+01 1.282768249511718750e+01 9.662305831909179688e+00 8.950542449951171875e+00 7.896823883056640625e+00 1.160604572296142578e+01 6.873408317565917969e+00 8.605892181396484375e+00 7.790134429931640625e+00 9.145226478576660156e+00 6.911368846893310547e+00 7.413182735443115234e+00 5.115678787231445312e+00 3.142186880111694336e+00 0.000000000000000000e+00 2.696625471115112305e+00 5.352587699890136719e+00 8.372715950012207031e+00 7.418138027191162109e+00 1.020140075683593750e+01 1.310832500457763672e+01 1.428624725341796875e+01 1.293807888031005859e+01 1.722118759155273438e+01 1.566885089874267578e+01 1.275412940979003906e+01 1.254802131652832031e+01 1.219895267486572266e+01 1.177386093139648438e+01 1.190051937103271484e+01 1.390963268280029297e+01 1.307906436920166016e+01 1.306508064270019531e+01 1.141724872589111328e+01 1.519260025024414062e+01 1.141953468322753906e+01 1.884073829650878906e+01 1.883582115173339844e+01 1.790830039978027344e+01
1.587570381164550781e+01 1.483237934112548828e+01 1.572173500061035156e+01 1.629458236694335938e+01 1.546209239959716797e+01 1.446173763275146484e+01 1.221350383758544922e+01 8.760413169860839844e+00 7.023770332336425781e+00 8.057348251342773438e+00 1.212038230895996094e+01 7.072626113891601562e+00 7.568959236145019531e+00 9.135578155517578125e+00 1.072019386291503906e+01 9.087348937988281250e+00 9.716176986694335938e+00 7.347618579864501953e+00 5.820503711700439453e+00 2.696625471115112305e+00 0.000000000000000000e+00 3.209650993347167969e+00 6.613975524902343750e+00 4.918047428131103516e+00 7.967476844787597656e+00 1.090691184997558594e+01 1.257707309722900391e+01 1.143486881256103516e+01 1.564675140380859375e+01 1.459211254119873047e+01 1.191275978088378906e+01 1.127118206024169922e+01 1.217317008972167969e+01 1.211645984649658203e+01 1.132885646820068359e+01 1.472804832458496094e+01 1.434352207183837891e+01 1.350753211975097656e+01 1.215736293792724609e+01 1.459197616577148438e+01 1.030391216278076172e+01 1.805473327636718750e+01 1.733340454101562500e+01 1.614719200134277344e+01
1.685026168823242188e+01 1.666899681091308594e+01 1.576665210723876953e+01 1.646990776062011719e+01 1.470308113098144531e+01 1.175985622406005859e+01 9.810055732727050781e+00 6.458580970764160156e+00 4.609537124633789062e+00 7.106342315673828125e+00 1.083498382568359375e+01 7.249636650085449219e+00 6.990448474884033203e+00 1.010781764984130859e+01 1.158584308624267578e+01 1.095245552062988281e+01 1.141709232330322266e+01 8.812710762023925781e+00 8.097107887268066406e+00 5.352587699890136719e+00 3.209650993347167969e+00 0.000000000000000000e+00 3.459487438201904297e+00 2.386519670486450195e+00 4.859198570251464844e+00 7.831743717193603516e+00 9.499846458435058594e+00 8.315674781799316406e+00 1.276412296295166016e+01 1.212029170989990234e+01 1.001205348968505859e+01 9.335751533508300781e+00 1.109272956848144531e+01 1.197533607482910156e+01 1.089943504333496094e+01 1.517124557495117188e+01 1.505541133880615234e+01 1.451216983795166016e+01 1.328954124450683594e+01 1.520109939575195312e+01 1.068514633178710938e+01 1.893605422973632812e+01 1.753969192504882812e+01 1.475685882568359375e+01
1.774285697937011719e+01 1.842208480834960938e+01 1.571486854553222656e+01 1.647722053527832031e+01 1.376120853424072266e+01 8.650897979736328125e+00 7.177148342132568359e+00 4.480930328369140625e+00 3.776052713394165039e+00 6.835739612579345703e+00 9.541526794433593750e+00 8.328410148620605469e+00 7.711425304412841797e+00 1.144263648986816406e+01 1.265517902374267578e+01 1.297195911407470703e+01 1.323748397827148438e+01 1.061319828033447266e+01 1.063835525512695312e+01 8.372715950012207031e+00 6.613975524902343750e+00 3.459487438201904297e+00 0.000000000000000000e+00 3.561246395111083984e+00 2.734438896179199219e+00 5.202106952667236328e+00 6.277864933013916016e+00 4.857904434204101562e+00 9.771230697631835938e+00 9.537577629089355469e+00 8.367234230041503906e+00 7.945979118347167969e+00 1.024851036071777344e+01 1.218558025360107422e+01 1.117282772064208984e+01 1.577859401702880859e+01 1.585196876525878906e+01 1.590584278106689453e+01 1.477420806884765625e+01 1.650927925109863281e+01 1.214290046691894531e+01 2.054662322998046875e+01 1.872388076782226562e+01 1.414289855957031250e+01
1.907284736633300781e+01 1.896902275085449219e+01 1.783277511596679688e+01 1.866664505004882812e+01 1.660038185119628906e+01 1.217019844055175781e+01 1.063235569000244141e+01 7.449372291564941406e+00 4.565318584442138672e+00 8.986536979675292969e+00 1.254409503936767578e+01 9.105383872985839844e+00 7.932623386383056641e+00 1.225374412536621094e+01 1.379841518402099609e+01 1.323435592651367188e+01 1.376300621032714844e+01 1.119185733795166016e+01 1.032113265991210938e+01 7.418138027191162109e+00 4.918047428131103516e+00 2.386519670486450195e+00 3.561246395111083984e+00 0.000000000000000000e+00 3.367956876754760742e+00 6.416536808013916016e+00 8.904488563537597656e+00 7.982032775878906250e+00 1.229336261749267578e+01 1.236636066436767578e+01 1.073385143280029297e+01 9.638058662414550781e+00 1.249337577819824219e+01 1.356759262084960938e+01 1.183993339538574219e+01 1.690508460998535156e+01 1.703876686096191406e+01 1.592732620239257812e+01 1.493957042694091797e+01 1.576075744628906250e+01 1.104725360870361328e+01 1.911889648437500000e+01 1.706303787231445312e+01 1.416211986541748047e+01
2.024621963500976562e+01 2.086916351318359375e+01 1.822984886169433594e+01 1.915546798706054688e+01 1.631875801086425781e+01 9.837159156799316406e+00 8.914857864379882812e+00 6.531157016754150391e+00 4.347160816192626953e+00 9.343533515930175781e+00 1.204963493347167969e+01 1.038804054260253906e+01 8.878714561462402344e+00 1.375994586944580078e+01 1.511337947845458984e+01 1.531117248535156250e+01 1.569939231872558594e+01 1.309997844696044922e+01 1.280678653717041016e+01 1.020140075683593750e+01 7.967476844787597656e+00 4.859198570251464844e+00 2.734438896179199219e+00 3.367956876754760742e+00 0.000000000000000000e+00 3.319519996643066406e+00 5.921619415283203125e+00 5.122001647949218750e+00 9.506502151489257812e+00 1.027934551239013672e+01 9.655651092529296875e+00 8.654130935668945312e+00 1.218528079986572266e+01 1.409576225280761719e+01 1.232749366760253906e+01 1.775079345703125000e+01 1.808526992797851562e+01 1.738970947265625000e+01 1.650707817077636719e+01 1.706134223937988281e+01 1.252492141723632812e+01 2.064334297180175781e+01 1.813978004455566406e+01 1.351136875152587891e+01
2.161713027954101562e+01 2.285271072387695312e+01 1.913066482543945312e+01 2.043272018432617188e+01 1.721994781494140625e+01 9.369174003601074219e+00 8.734607696533203125e+00 7.152799606323242188e+00 5.290392398834228516e+00 1.067342948913574219e+01 1.295873928070068359e+01 1.185130786895751953e+01 9.717803955078125000e+00 1.541144466400146484e+01 1.670218849182128906e+01 1.750524520874023438e+01 1.792025184631347656e+01 1.550370502471923828e+01 1.563347911834716797e+01 1.310832500457763672e+01 1.090691184997558594e+01 7.831743717193603516e+00 5.202106952667236328e+00 6.416536808013916016e+00 3.319519996643066406e+00 0.000000000000000000e+00 3.736097335815429688e+00 4.581649303436279297e+00 6.868585109710693359e+00 8.629982948303222656e+00 9.004496574401855469e+00 7.792154788970947266e+00 1.229237937927246094e+01 1.460780906677246094e+01 1.243760013580322266e+01 1.838678932189941406e+01 1.909744834899902344e+01 1.821164131164550781e+01 1.760809326171875000e+01 1.733010482788085938e+01 1.313671016693115234e+01 2.088532066345214844e+01 1.792804527282714844e+01 1.189085960388183594e+01
2.036538124084472656e+01 2.234070777893066406e+01 1.721390724182128906e+01 1.857337379455566406e+01 1.490251445770263672e+01 6.424666881561279297e+00 5.936997413635253906e+00 5.884448528289794922e+00 6.421107769012451172e+00 9.693128585815429688e+00 1.084631633758544922e+01 1.169394397735595703e+01 1.011646652221679688e+01 1.495938491821289062e+01 1.590439224243164062e+01 1.747565269470214844e+01 1.770425796508789062e+01 1.547224330902099609e+01 1.630070686340332031e+01 1.428624725341796875e+01 1.257707309722900391e+01 9.499846458435058594e+00 6.277864933013916016e+00 8.904488563537597656e+00 5.921619415283203125e+00 3.736097335815429688e+00 0.000000000000000000e+00 3.032314062118530273e+00 3.801234245300292969e+00 5.454954147338867188e+00 7.001564025878906250e+00 6.696512699127197266e+00 1.040543365478515625e+01 1.343677902221679688e+01 1.201713466644287109e+01 1.724160003662109375e+01 1.795845985412597656e+01 1.807509040832519531e+01 1.740640640258789062e+01 1.795661544799804688e+01 1.430285835266113281e+01 2.209138870239257812e+01 1.960945892333984375e+01 1.228557586669921875e+01
1.984523391723632812e+01 2.148000144958496094e+01 1.675006675720214844e+01 1.750969505310058594e+01 1.368479919433593750e+01 4.948241710662841797e+00 5.254201412200927734e+00 5.414965629577636719e+00 6.752845287322998047e+00 8.945496559143066406e+00 9.547797203063964844e+00 1.149849414825439453e+01 1.072832870483398438e+01 1.446792793273925781e+01 1.529040241241455078e+01 1.653771781921386719e+01 1.658662033081054688e+01 1.411227512359619141e+01 1.476200771331787109e+01 1.293807888031005859e+01 1.143486881256103516e+01 8.315674781799316406e+00 4.857904434204101562e+00 7.982032775878906250e+00 5.122001647949218750e+00 4.581649303436279297e+00 3.032314062118530273e+00 0.000000000000000000e+00 6.496356010437011719e+00 7.260686397552490234e+00 8.223088264465332031e+00 8.391998291015625000e+00 1.088815593719482422e+01 1.394524669647216797e+01 1.318871307373046875e+01 1.770639228820800781e+01 1.797573280334472656e+01 1.876874351501464844e+01 1.777383995056152344e+01 1.931354331970214844e+01 1.537319374084472656e+01 2.356440162658691406e+01 2.135504150390625000e+01 1.479971790313720703e+01
2.114156913757324219e+01 2.379142761230468750e+01 1.762482070922851562e+01 1.945817565917968750e+01 1.574695587158203125e+01 7.788254261016845703e+00 7.183279514312744141e+00 8.044516563415527344e+00 8.946640014648437500e+00 1.150736999511718750e+01 1.219339942932128906e+01 1.333644866943359375e+01 1.153297901153564453e+01 1.643855667114257812e+01 1.722922515869140625e+01 1.941432571411132812e+01 1.966882133483886719e+01 1.779858207702636719e+01 1.906120872497558594e+01 1.722118759155273438e+01 1.564675140380859375e+01 1.276412296295166016e+01 9.771230697631835938e+00 1.229336261749267578e+01 9.506502151489257812e+00 6.868585109710693359e+00 3.801234245300292969e+00 6.496356010437011719e+00 0.000000000000000000e+00 3.856277704238891602e+00 6.934836387634277344e+00 6.845194816589355469e+00 1.052846908569335938e+01 1.371308517456054688e+01 1.223399066925048828e+01 1.732822036743164062e+01 1.843200111389160156e+01 1.852306938171386719e+01 1.815690994262695312e+01 1.817005920410156250e+01 1.528158187866210938e+01 2.233903312683105469e+01 1.987208175659179688e+01 1.133177089691162109e+01
1.753706359863281250e+01 2.053196716308593750e+01 1.390349102020263672e+01 1.596220874786376953e+01 1.254649829864501953e+01 7.243866443634033203e+00 5.067077636718750000e+00 6.180933475494384766e+00 8.402117729187011719e+00 8.837077140808105469e+00 9.326180458068847656e+00 1.079102897644042969e+01 9.707568168640136719e+00 1.344347953796386719e+01 1.400335693359375000e+01 1.663347244262695312e+01 1.681970024108886719e+01 1.529420185089111328e+01 1.704814338684082031e+01 1.566885089874267578e+01 1.459211254119873047e+01 1.212029170989990234e+01 9.537577629089355469e+00 1.236636066436767578e+01 1.027934551239013672e+01 8.629982948303222656e+00 5.454954147338867188e+00 7.260686397552490234e+00 3.856277704238891602e+00 0.000000000000000000e+00 3.833131074905395508e+00 5.006885528564453125e+00 6.940550327301025391e+00 1.035563659667968750e+01 9.762628555297851562e+00 1.385208606719970703e+01 1.488650703430175781e+01 1.572793388366699219e+01 1.523211479187011719e+01 1.640128707885742188e+01 1.395109367370605469e+01 2.110142707824707031e+01 1.954480934143066406e+01 1.141220474243164062e+01
1.448441982269287109e+01 1.716346359252929688e+01 1.150664806365966797e+01 1.388720226287841797e+01 1.140904426574707031e+01 8.980209350585937500e+00 5.472098827362060547e+00 4.431581497192382812e+00 6.423617362976074219e+00 5.980745792388916016e+00 8.124909400939941406e+00 7.156938076019287109e+00 6.254942893981933594e+00 9.876483917236328125e+00 1.064000988006591797e+01 1.317547416687011719e+01 1.352345561981201172e+01 1.221929454803466797e+01 1.404663658142089844e+01 1.275412940979003906e+01 1.191275978088378906e+01 1.001205348968505859e+01 8.367234230041503906e+00 1.073385143280029297e+01 9.655651092529296875e+00 9.004496574401855469e+00 7.001564025878906250e+00 8.223088264465332031e+00 6.934836387634277344e+00 3.833131074905395508e+00 0.000000000000000000e+00 2.578374385833740234e+00 3.844471454620361328e+00 6.798035621643066406e+00 6.215952396392822266e+00 1.048657798767089844e+01 1.154084587097167969e+01 1.203614616394042969e+01 1.145053482055664062e+01 1.318271541595458984e+01 1.074078369140625000e+01 1.813005828857421875e+01 1.719984817504882812e+01 1.035745143890380859e+01
1.595537567138671875e+01 1.816777992248535156e+01 1.352026176452636719e+01 1.597076129913330078e+01 1.374548053741455078e+01 1.040543651580810547e+01 7.223525047302246094e+00 5.184792995452880859e+00 5.077315330505371094e+00 7.152874946594238281e+00 1.023632240295410156e+01 7.345296382904052734e+00 5.080910205841064453e+00 1.062000465393066406e+01 1.176877880096435547e+01 1.378101825714111328e+01 1.435564327239990234e+01 1.294409561157226562e+01 1.431938743591308594e+01 1.254802131652832031e+01 1.127118206024169922e+01 9.335751533508300781e+00 7.945979118347167969e+00 9.638058662414550781e+00 8.654130935668945312e+00 7.792154788970947266e+00 6.696512699127197266e+00 8.391998291015625000e+00 6.845194816589355469e+00 5.006885528564453125e+00 2.578374385833740234e+00 0.000000000000000000e+00 5.812927246093750000e+00 7.720128059387207031e+00 5.483843326568603516e+00 1.137738895416259766e+01 1.268765735626220703e+01 1.177680301666259766e+01 1.147482490539550781e+01 1.176213169097900391e+01 8.955397605895996094e+00 1.638534927368164062e+01 1.495416164398193359e+01 8.117753982543945312e+00
1.074593257904052734e+01 1.384815216064453125e+01 7.770602703094482422e+00 1.049143409729003906e+01 8.939506530761718750e+00 1.060592651367187500e+01 6.829167842864990234e+00 6.002177715301513672e+00 8.697362899780273438e+00 4.885259151458740234e+00 6.693006515502929688e+00 5.856786727905273438e+00 6.872454643249511719e+00 7.202311992645263672e+00 7.479796886444091797e+00 1.067773246765136719e+01 1.088641643524169922e+01 1.022929191589355469e+01 1.267432975769042969e+01 1.219895267486572266e+01 1.217317008972167969e+01 1.109272956848144531e+01 1.024851036071777344e+01 1.249337577819824219e+01 1.218528079986572266e+01 1.229237937927246094e+01 1.040543365478515625e+01 1.088815593719482422e+01 1.052846908569335938e+01 6.940550327301025391e+00 3.844471454620361328e+00 5.812927246093750000e+00 0.000000000000000000e+00 3.841529130935668945e+00 5.950377941131591797e+00 7.259807586669921875e+00 7.966819763183593750e+00 1.006258869171142578e+01 9.117621421813964844e+00 1.296285533905029297e+01 1.126878261566162109e+01 1.825148200988769531e+01 1.844052886962890625e+01 1.285912418365478516e+01
8.725619316101074219e+00 1.147682952880859375e+01 7.465263366699218750e+00 1.067553997039794922e+01 1.087033367156982422e+01 1.423833370208740234e+01 1.041575908660888672e+01 8.665025711059570312e+00 1.008340072631835938e+01 6.458140850067138672e+00 9.374591827392578125e+00 5.054210186004638672e+00 6.510468482971191406e+00 5.288805484771728516e+00 5.780660629272460938e+00 8.833882331848144531e+00 9.379947662353515625e+00 9.565689086914062500e+00 1.197921848297119141e+01 1.177386093139648438e+01 1.211645984649658203e+01 1.197533607482910156e+01 1.218558025360107422e+01 1.356759262084960938e+01 1.409576225280761719e+01 1.460780906677246094e+01 1.343677902221679688e+01 1.394524669647216797e+01 1.371308517456054688e+01 1.035563659667968750e+01 6.798035621643066406e+00 7.720128059387207031e+00 3.841529130935668945e+00 0.000000000000000000e+00 4.492656707763671875e+00 3.819628000259399414e+00 5.028234958648681641e+00 6.367886543273925781e+00 5.423655986785888672e+00 1.030383396148681641e+01 9.522566795349121094e+00 1.562584686279296875e+01 1.678571701049804688e+01 1.303715229034423828e+01
1.288771533966064453e+01 1.477336883544921875e+01 1.191016197204589844e+01 1.494051074981689453e+01 1.446791458129882812e+01 1.484322643280029297e+01 1.113584995269775391e+01 8.540344238281250000e+00 7.987688541412353516e+00 7.905016422271728516e+00 1.192599010467529297e+01 5.628240585327148438e+00 3.986046075820922852e+00 7.907549858093261719e+00 9.239049911499023438e+00 1.111232376098632812e+01 1.203173446655273438e+01 1.161593055725097656e+01 1.316314125061035156e+01 1.190051937103271484e+01 1.132885646820068359e+01 1.089943504333496094e+01 1.117282772064208984e+01 1.183993339538574219e+01 1.232749366760253906e+01 1.243760013580322266e+01 1.201713466644287109e+01 1.318871307373046875e+01 1.223399066925048828e+01 9.762628555297851562e+00 6.215952396392822266e+00 5.483843326568603516e+00 5.950377941131591797e+00 4.492656707763671875e+00 0.000000000000000000e+00 7.199575901031494141e+00 8.984972000122070312e+00 6.368738651275634766e+00 6.467184543609619141e+00 7.163894653320312500e+00 5.768822193145751953e+00 1.236323165893554688e+01 1.262421417236328125e+01 8.841096878051757812e+00
6.823246002197265625e+00 9.882387161254882812e+00 7.176394462585449219e+00 1.063570594787597656e+01 1.233796501159667969e+01 1.767016792297363281e+01 1.391543388366699219e+01 1.238330173492431641e+01 1.370627117156982422e+01 9.711544990539550781e+00 1.201758384704589844e+01 7.932159900665283203e+00 9.711312294006347656e+00 6.431978225708007812e+00 6.267743587493896484e+00 9.200289726257324219e+00 9.735178947448730469e+00 1.097831058502197266e+01 1.349345016479492188e+01 1.390963268280029297e+01 1.472804832458496094e+01 1.517124557495117188e+01 1.577859401702880859e+01 1.690508460998535156e+01 1.775079345703125000e+01 1.838678932189941406e+01 1.724160003662109375e+01 1.770639228820800781e+01 1.732822036743164062e+01 1.385208606719970703e+01 1.048657798767089844e+01 1.137738895416259766e+01 7.259807586669921875e+00 3.819628000259399414e+00 7.199575901031494141e+00 0.000000000000000000e+00 2.685735225677490234e+00 5.288012981414794922e+00 4.547162055969238281e+00 1.069661045074462891e+01 1.136126804351806641e+01 1.571084499359130859e+01 1.801200103759765625e+01 1.554115867614746094e+01
